6.966824998956081 
7.280188021869234 
8.012951253375777 
6.371835124885703 
5.065601448374924 
9.692260433514313 
5.086127923960192 
6.618381552979823 
6.737732831231677 
5.537478811574161 
6.419658773634898 
6.781627346920051 
7.964999397960814 
7.013964794298914 
5.766210912845291 
3.496270777394602 
3.6335082248078683 
4.8872739388823545 
5.8877088914278195 
7.899358332748671 
8.68351023561924 
6.923414172342892 
5.149959497828771 
4.6916797565527215 
7.362690239822511 
6.6157877828451905 
3.7165876902603157 
4.621348699486207 
3.087075848591162 
8.580871400203545 
8.134544610377603 
4.650364487401841 
5.1554873680077105 
9.588312582456181 
7.151451129040877 
4.38189073924846 
5.538364569018156 
6.44640016862573 
4.7450968759424335 
6.169095299072283 
3.6883699003220802 
5.07378274399785 
5.600323689004843 
5.047532063314275 
9.046769539185611 
6.167519988430243 
5.911495871003034 
3.3759089409466414 
4.525138151030553 
5.436411709133495 
5.3143098304455405 
5.8225198224535335 
5.208842520357779 
4.771513965826601 
4.134081262487057 
5.384060536414323 
4.744820489883473 
6.232573202151106 
4.579224981139463 
4.076227351508735 
5.123309158786803 
6.571294081634971 
5.114433196021187 
3.763653567383944 
6.956529070742216 
5.275664229241747 
7.0345753997776495 
4.425130174188848 
4.702207328137905 
6.229332526990715 
5.875665493568626 
6.585360926586983 
3.912813082677578 
5.24273523184448 
5.982430461605506 
5.125688243875001 
5.2228803814082685 
6.09881221849834 
6.204813829598896 
5.235676162886818 
5.196821555719747 
6.7755645792909664 
5.954738877523092 
4.06811518760221 
6.236943975038168 
6.02842487535333 
5.922640162740963 
4.105600258912512 
8.016081136828568 
5.962004318187789 
4.428678665659693 
6.701705140486583 
5.557324504413047 
4.6269299093237075 
6.775508051117106 
5.6258812505427445 
4.859698819969459 
2.044134927414056 
6.813764671897902 
4.7001557629364346 
6.229509558585319 
5.652406395225902 
5.080444962927332 
4.977501792496891 
4.639141184578239 
8.415766090510676 
6.375363273617706 
6.8155195614269894 
5.361544820859555 
4.689783764722263 
4.857807188316832 
6.534513983513619 
3.2749040298461742 
9.102173822908822 
5.901985045589438 
7.643075529465241 
7.350204322769008 
3.7576072645049248 
5.887468821495837 
3.35552259450206 
6.17302833781725 
7.081238086439231 
5.821163245688302 
5.770846183624959 
8.501672832271826 
5.496161466200531 
5.131994664343863 
3.8220243425062272 
6.510409551285747 
5.264523097166928 
4.500439347353607 
4.472326533773785 
2.922283191463986 
8.303553152520873 
4.925730460688251 
8.710638666458335 
3.9050952883971357 
4.594366104208393 
3.7256999178500023 
4.017703515112376 
5.677101909967989 
6.812158661037448 
6.73177901724451 
5.139290310881494 
4.7063323584413865 
6.717410003345408 
5.496961506996228 
4.154913755387076 
5.327233628461952 
5.098460201702545 
2.0945172426469814 
5.95433860851893 
4.512178373717793 
3.0734322225486146 
6.5906392955367314 
6.265979859028979 
3.290197149127189 
6.828250630268043 
2.9224482512216348 
7.749380314143922 
6.477231850158729 
5.2664564909503175 
1.5371702831022773 
4.78781512830245 
6.470265509097318 
6.288713969138109 
3.4374914803540713 
7.019457408331569 
4.572201657540534 
4.808142826387624 
5.314607039491284 
5.5557764068448225 
5.096898730137205 
7.811887492358469 
4.30430084158842 
6.407865682677852 
7.36341036296976 
6.831580563353524 
8.107881590323661 
8.186968294354518 
5.497900815695109 
7.746494589841225 
4.345779591869748 
5.758648523429632 
6.30871974068421 
5.077986167169307 
5.331731147378079 
5.467108647919299 
4.399363734211803 
5.336135912106128 
5.3395939224766416 
5.562668738959683 
4.502610204038695 
4.60177407306858 
7.214576219009992 
2.86116118131404 
5.7527233887211935 
6.6861285048645 
4.912174711084917 
4.822756764708231 
7.0412435869332075 
4.594687301066701 
4.7571527147715225 
4.744757998725849 
4.961582806568107 
5.434058976769829 
4.445202282962299 
5.632971007500196 
3.7723121990425046 
4.896358096593254 
4.715973665062625 
3.870032070829711 
7.05186588675749 
4.888597521884619 
7.86597215125505 
7.660270804767563 
9.10992350893518 
7.635381057671493 
5.057912075007505 
5.756832837250748 
6.185008863218145 
5.693534980000229 
5.756226146994605 
5.844635633672453 
6.190731557361757 
7.460319044384608 
5.997783019212669 
5.3331565717246425 
4.208142681627878 
4.022676114024389 
7.266592771146344 
5.781776485670993 
5.899932964728684 
6.516416726706744 
6.531525437226437 
7.232266576348726 
5.893968756867006 
4.242576624820747 
6.280488910821067 
5.310185087545163 
5.871152590213324 
5.309903481588549 
4.70169412374477 
6.076121321928335 
5.058365940427549 
7.53878986575892 
8.545592557134555 
7.236504155963466 
5.703674581971792 
6.893169817227877 
4.98834845389784 
4.4304575533328965 
4.838366889241881 
4.407698685059275 
2.372893987892853 
3.3456125182218774 
6.334525005153689 
6.932229681186079 
6.786496999305428 
6.18145454483376 
5.945038546327779 
5.969401835953416 
9.40139136994115 
8.045732973638081 
3.295644832625758 
6.997171183369131 
3.7576984438720733 
8.174487814302733 
5.265137205768725 
2.3041389577013947 
5.674431717855165 
4.816993487633045 
4.64763589552851 
6.2153415335861775 
3.03976009910191 
5.204302636501087 
3.624842956783098 
5.210282456021316 
6.154184811952293 
5.85430861358549 
5.234618405367395 
9.25025611748979 
5.519159554043715 
5.562649920719165 
6.620345610463568 
4.007830251757834 
6.453769348824247 
5.600690244102034 
4.154351048282633 
4.347757784540666 
4.932372685565184 
4.230700988653227 
4.1421239812747634 
4.61653702332237 
6.673004134649796 
5.435637340387016 
4.031577828209655 
5.394969736835632 
5.811644777937776 
2.7047792296955597 
3.595730520528443 
5.641270817376501 
5.465813144260527 
4.395816407854373 
2.44841026334233 
5.712132969132502 
4.658988583568852 
5.073692714637069 
6.064876765884524 
7.814983447938461 
4.863748920258439 
6.199914130758941 
7.278713860725632 
5.522841885613651 
2.934513054708529 
5.384654821301961 
1.275742624076349 
5.288247566527655 
4.614804373681477 
3.9416007005034004 
5.901043909772584 
4.350298569430496 
4.95091645241015 
7.3580483666651855 
5.778264044021551 
8.51959044148551 
5.529780887774319 
7.162675648507019 
4.398569943583792 
3.5417211447592067 
6.375804625953272 
3.635461063839094 
4.693853206418457 
7.710869238601663 
3.7282312533484383 
7.8317331315364145 
4.617741686095931 
5.872874133375698 
6.160279299729158 
5.333796533216068 
3.1184982396549694 
5.873507366005166 
6.826883628306492 
3.9693442867457085 
4.267329520731413 
4.875475458845843 
5.803029594289391 
4.184420186492625 
5.344271683028104 
6.708367634829369 
5.264251994325612 
4.103666561267245 
5.7369419475924515 
6.338655556144306 
5.225973221553925 
4.086425438056154 
5.8675420979861705 
6.035171851412649 
3.4281724504736797 
5.24892230338851 
4.433938166554638 
7.752633779291817 
6.976660675358438 
5.803143867968707 
7.416199845127354 
4.589615758831992 
5.346192995220974 
6.78367085691599 
4.562591200424215 
6.3643927210346 
6.6822938025236525 
5.908564686290712 
5.171505790586063 
5.31615075796061 
7.38007830514632 
3.2499049349574065 
3.272792074891626 
2.597795490941225 
5.505369587299673 
6.3246284200813285 
4.742779641439406 
4.073678169701532 
5.115286919356866 
2.4184715880288112 
2.7388632385930656 
3.893146505820151 
6.559365962585273 
6.14738853100784 
4.481136876957542 
6.615054655614294 
7.5026121206756144 
7.881079039509744 
4.704035698208354 
6.6474285561396425 
4.89316051292767 
6.396093571959762 
4.23001275443096 
4.7771529735648155 
3.795445592441256 
5.212071434069224 
7.29636496149624 
9.078854372727248 
4.711090971340201 
5.124561232308673 
8.16194535058181 
6.824233198081329 
7.262514788740783 
3.4810044725810605 
5.030084429203403 
6.948317343897351 
4.354447517183713 
6.235930492961404 
2.652404934440666 
6.258746010078808 
4.782578021967807 
2.2441236324918368 
4.438845553967306 
6.104168742193935 
6.381961157164375 
8.728348198183216 
2.513044979641715 
6.53287044800409 
7.1218860135999 
5.4834619839788346 
6.578688823505904 
3.074490492674005 
5.875168284653986 
7.750983674524463 
6.18938466364312 
7.000614377017086 
6.8365484093469036 
3.8180662919037553 
6.681614089023572 
5.066623953125805 
4.431166446049218 
4.835356837864712 
4.383003525018768 
7.276483382769177 
6.501672823789925 
5.790911561094082 
5.3112283614988165 
8.410134353556135 
5.465393251303387 
7.354108758768103 
7.67123977984404 
6.228686766579559 
4.464232257585526 
6.855559609118268 
6.648451392115448 
6.269690209779588 
4.549060205061936 
6.853477448767155 
5.395667467388144 
5.0308286148103925 
4.03873215420065 
5.8539163900570275 
6.863945823031859 
4.380131018570188 
6.579283667794444 
4.093406667915964 
4.09055844473076 
8.504262783628398 
7.5153207506197965 
5.218507801285821 
4.570788942788752 
5.08731597420576 
5.635160800287806 
5.134190435929849 
5.922789938869922 
5.602135131421087 
7.131469487189693 
5.196112208692416 
6.118817401379905 
6.903308550147033 
6.053928239980729 
5.165301044693738 
5.97019437251098 
6.352846611520265 
4.105366291685405 
4.123409901490142 
5.843455189622957 
4.213692487268133 
5.110174208643848 
4.408955847534249 
5.742552389442575 
3.6686177311830632 
4.093248171302893 
4.6899480688866495 
7.507061925059074 
4.389636879945101 
6.517616625672284 
4.207368368907128 
6.465512169957872 
5.520851212091072 
6.334810191955237 
3.6024576597369657 
6.45839476289438 
7.818241815746891 
5.707345557773228 
3.3485758893352955 
7.166769738599264 
6.220738536430453 
6.058635858659036 
6.423485817574408 
6.471607034168857 
3.58709612928943 
4.026935726198407 
6.164233531622322 
4.3136901993132115 
5.532826220522322 
6.406397856414659 
5.844408230245207 
5.286744574877014 
4.312791904758472 
8.016405264363375 
5.934077369684837 
5.043497927437918 
5.603696578786063 
4.70189637677717 
4.068118209572341 
6.760761818733481 
7.6338220228655755 
7.841675510020968 
4.852567068353133 
4.040848733066612 
3.041698160265482 
3.6079209050791565 
4.911281212998851 
6.272438187824121 
4.241384538994913 
4.160536634290084 
6.119698650738651 
4.585770652668422 
4.532028659510682 
6.4198881667447045 
5.029719678016769 
6.325191341524136 
4.627349483131382 
6.410337624912891 
7.183581671059516 
4.9786352674811925 
5.88486322778456 
6.3932307414560645 
5.2626817033125715 
8.141182266290613 
4.515878665811081 
1.2446821846664502 
6.195418980950292 
5.896342676138987 
6.122538406731369 
5.374847622317722 
6.955248909772903 
4.992971858236035 
4.796423965239269 
5.2089488681654705 
7.051665531003258 
6.3629195989857354 
6.236791307262138 
4.821766899119554 
4.833763881636718 
4.985763132602247 
7.09545537581117 
6.400377172343074 
6.558150695697217 
7.293444356487285 
8.439770462356 
6.4999333576850615 
5.701330759486561 
4.141200264304743 
5.924308149548875 
9.439434640579664 
4.197385890186753 
5.736394882679646 
4.500570450990043 
6.58576908285268 
7.503833195999421 
5.751165815225283 
4.49590759743424 
4.713765789630399 
6.41937984244003 
4.814958510042306 
6.662226275867888 
4.138975649111174 
4.649858144350145 
7.707933938778746 
6.042975603588098 
8.164164067391814 
6.366931153718635 
3.878725442958919 
2.2514975675675393 
5.6281808669584 
7.173299346819377 
1.8511612947449603 
2.3676444011151525 
7.1509828830257165 
6.470103151023812 
5.269615372096604 
4.334676252669301 
6.325019560830721 
4.932152863434578 
4.4570158981598285 
6.329118303268665 
5.3917893953514815 
1.6441672933946148 
5.467977115008189 
7.061386979113152 
6.74430840541615 
5.518523593167633 
2.300029461108842 
7.278679375878216 
5.693657941996152 
6.570312267060737 
4.185942810993938 
6.59959292694016 
4.022732889838446 
3.1688606233329586 
6.066584075333591 
7.827380111265233 
7.4142100899299255 
5.577451564529268 
4.967782055328658 
1.7623876892308035 
7.181007229637675 
3.70513847717261 
4.20718113703494 
5.021799075967973 
6.717830718046233 
6.6242118784920105 
4.886409338350257 
4.327958291111729 
5.372734293493999 
6.79680568088781 
6.553176626204179 
7.4726565676688566 
3.606816133574419 
5.529696857247809 
3.343382072644312 
5.2869735751672335 
5.859288028339924 
4.676678634169512 
7.412825252944598 
5.532108856890241 
4.280046473906834 
7.085903726398051 
3.500425556766253 
4.601536879337102 
5.313024725379152 
6.86964442845373 
7.898966808412807 
6.881722217684673 
6.704990807911574 
4.733368814014302 
6.153505813032064 
6.075919055029111 
6.9315004782936676 
5.897893749924734 
5.298895472186958 
6.289649491780917 
3.907486653841154 
5.20568444879143 4.478724942808565 
5.669916699510925 4.94669252566044 
4.928204195256844 3.9847092347764805 
7.243832999816607 6.820841942908444 
8.19337317630335 6.652911940602091 
4.844300835711902 3.5906118123952657 
6.808277627845385 3.1227559085811762 
6.205978059027604 5.566336945023433 
6.00716439088308 5.131269403753698 
6.861704018157887 6.290368465310749 
7.565813576089454 4.556189553855419 
6.367191015378891 4.723273722619982 
5.306466412432049 3.6369722460444143 
7.041019237122876 6.085693892029356 
5.6710239831868 3.5127848454129746 
5.398577103659342 2.533487245147376 
4.781909366891869 4.3471856855098086 
7.605573200364736 5.734249306971559 
7.1290957630641705 6.3108885585174725 
4.9916476365675235 4.092385918721636 
5.296969741853294 5.154433200772637 
7.895671870849013 6.393072090015476 
6.080987586633242 5.548188821908128 
5.669984809874569 3.533188022241924 
7.995759049656877 5.948251626862568 
7.2634911932125625 7.045763318623085 
4.459105387431852 3.8167262751234574 
6.266660948370953 5.538251946997709 
7.7762493909833985 5.018566391267056 
3.9655696696846454 3.487067560056277 
6.764273715371065 6.50912866353516 
5.648575832659662 4.891839115205953 
6.466628288646304 5.982811576079832 
6.846625159967021 4.07672672461016 
8.364572667764826 5.320690986033186 
7.226624047289436 6.793402581101579 
4.031606676415937 3.5974941718964395 
4.726958741149553 2.969829740812674 
5.113338687988456 4.011445527651541 
6.6163830949872295 2.7191472416503784 
8.1768225767283 7.336673934124775 
4.913121130536782 4.8437696971632205 
3.324917841355145 3.227819019688693 
4.966905097085195 4.3208542774769905 
6.725499497773954 5.737517127051788 
5.060262824597149 3.7718668702074383 
7.851017753830625 6.044487598366256 
8.218660978023383 5.571219544903971 
6.033256667122766 2.837988218286765 
6.781186980795217 5.588274368882348 
6.185098607396501 3.650372806575555 
5.732020828137 4.331248211831993 
5.2083811343649575 4.76845494102437 
5.03333552547933 4.630885999586154 
6.706597968335533 5.6481109678910855 
7.674229341914969 4.25938304917774 
6.642980321780735 2.338052810836352 
7.021898675842204 6.592956895309046 
8.388227312075372 4.337994955826139 
8.177209310940583 6.203887981419863 
3.7649980850121745 3.4280068970238062 
11.85290366897806 5.180551194828494 
6.433838365582608 5.153102043741278 
5.65078699928911 4.9249243906945805 
7.301223174108868 5.803510302904914 
5.518766768948198 4.222944184571092 
4.815811319559461 3.678335347410057 
7.095452009417672 5.264908489635584 
9.368819601316556 6.873359322430456 
7.6223118534877266 6.252328974696938 
4.63724308180311 3.2970166752297914 
6.678831550298078 5.9540644154751465 
5.9477592414197185 5.39851326711671 
4.370558489749268 4.0307219835879415 
6.745807661829705 5.943562408235153 
5.686638612599931 3.374503358200378 
8.44117847250556 6.4574946663333685 
6.321317032476976 4.820400238582376 
6.313447111832047 6.079814662506713 
5.6841985908190535 1.801773430953375 
7.871168797577811 5.692681142211654 
7.17954911534888 5.566950290498591 
7.098835159838332 5.95128564774032 
6.4700838792158715 3.636259664298448 
4.536783376195973 3.769020023415408 
5.697007266715213 3.4029295290050428 
5.3777543147341875 5.237634952043644 
5.498061947942994 3.820633870571795 
5.684967965132754 4.322411355254456 
5.034995112533931 3.859911018778371 
6.460668847058858 6.068005274585294 
6.405081030045757 4.644228855146606 
6.174525159280794 3.8899924719835033 
4.439043254136601 2.9720338263994766 
7.780907766827574 5.5100664988254415 
7.616922924461346 7.516590231986962 
6.226449310781895 4.1908774873866586 
6.309428452355562 5.949109131092404 
6.526363258326472 4.10893673493889 
6.345369603077846 4.697264682837923 
2.9750249238368407 1.7795765866297941 
7.501458458348413 4.4950481091447685 
6.334938158906776 5.179039377135992 
6.845706025151758 2.437667258846405 
7.819575800738146 2.7171824720466486 
7.424020590984691 7.061398045215369 
5.770570182018112 4.559551269468272 
5.334420507497098 5.086978017395022 
5.599123181830491 5.0091525050894 
6.062493793023623 5.712620213219562 
6.8637286089644 5.637142323570824 
6.198874803314854 5.148489549938125 
5.2921692643207 3.735749079317962 
6.841297108899925 4.966430503235317 
8.659624421600878 6.4196506716649235 
6.14896746593619 4.9887974162653075 
4.8062887563715595 1.0096117522871335 
5.810030193973026 5.092407204950764 
5.987535297286736 5.332518866467081 
6.771893144694584 3.0743018887281996 
3.9571868756938677 3.599098181779013 
7.355851378395321 6.728601988820868 
4.82014354815054 3.878569946842178 
6.976833123315151 6.320115985423593 
6.112605012384858 5.65166586933389 
7.114242139997583 4.875466610197021 
7.4105264075295105 6.0681338408382075 
5.035320360095418 3.2185716868583487 
7.615481739165159 3.453494441754197 
5.588862984608067 4.4834155554293025 
6.505173131148399 5.160914091175699 
9.379537346761326 5.61433017803792 
6.674859014993567 5.153404993140036 
9.210777329770009 4.9009751872154625 
7.861827575287737 6.580222561874272 
7.717167372994159 2.699987057039725 
5.934360978351921 4.725951605773407 
7.374589491464453 6.410365889079538 
6.534178681208655 4.331822890013733 
5.060155527229929 3.8380866819438357 
6.078690590784427 5.216407324911014 
6.549858011589623 6.102568031298436 
6.122946798038788 5.697627146290908 
6.844668820699074 5.569001468552667 
4.861676519993749 3.8542702176659605 
4.463768360917411 4.310992600060233 
5.789567958146627 4.866511751991095 
5.010015462129243 4.295151890741791 
5.224758866643735 3.636042702441014 
5.090466240683303 4.781277612681478 
4.532790098444217 4.367403718896979 
6.220601479313539 6.148626082739334 
7.708822178856895 3.006256148355205 
7.199290789174169 4.148561996427793 
8.707604127009962 4.595200043638109 
6.408554051685461 4.340986600241916 
7.5403042872878725 6.3529907753267025 
4.940465179428558 3.5998372505851917 
6.995304653727992 6.272398736401184 
7.254548805837381 5.704073187366822 
5.480215515448624 3.161390623238323 
6.477717977667764 4.395285710399342 
7.645652825869352 6.690836612377931 
6.123945657116468 2.4159674312941597 
9.002886514868361 5.211778116657906 
6.744735377632927 5.281792216468091 
6.671510071401368 5.308931699703716 
5.393920514997815 4.118721555427491 
7.410673777155008 5.838288624869362 
8.76575768962732 4.7996527033585545 
6.197824864448976 5.853494720654431 
4.065217903452164 3.7695600989698925 
6.257368654097901 3.9343737600736493 
7.282178679319266 4.328344272850013 
7.7210723899998275 4.471969972129332 
8.922867352742582 3.643941902898303 
7.601883863520911 2.8570442595643386 
7.450526230284542 4.9481632045485755 3.815380061923681 
7.235112962289083 6.636043537076147 4.911796811307856 
6.6992587078888 6.697827092695901 3.879527881387898 
4.479540316737754 4.479494087358688 3.773765071990485 
6.372161770191389 6.3462040638366455 5.536446656314732 
7.026435100658288 6.444547488866384 5.057140365208827 
7.12418781491743 5.5110302688678185 4.115128778853826 
7.021510336196583 4.888444669557116 3.8542073963024936 
5.892909682700079 5.719447196369167 3.28386731081454 
6.3719965668117355 6.11090981735671 5.561636332577036 
7.016536418100336 6.081243463933842 2.987208463046089 
5.844849407139892 4.551154501523863 4.510118769156484 
9.729982502506124 4.193278572048223 3.063224979471717 
7.070126832973621 5.498345783939282 4.058413027596831 
8.122669696837004 7.731328631409573 4.172928371378975 
6.455230554468214 5.777533671188191 3.6854956533251415 
5.648042019680611 5.425181098772972 5.335551429276678 
6.247119557902359 5.361188841746078 4.172336313477964 
9.019889303618207 5.476018357299755 5.0327357354535085 
5.910413112243545 4.893145596155574 4.842790358039915 
8.872026279730587 5.85739735244645 5.332078041395747 
5.362971751245362 4.706295968020946 3.367114607472903 
7.2575520839476955 5.914693715963125 5.625473959495184 
7.554148051900058 5.732598032079717 4.4568591290962365 
7.317790244301811 4.883888804267603 4.300112089809994 
5.887380526674725 2.778946817844639 2.6489383133389093 
6.515672358712028 6.410333081643791 4.7015081459675905 
7.7307207562235325 3.4863606488403187 3.3675744010315025 
8.444651371897187 6.326824029052636 5.56700598752694 
7.021398996763871 5.756510460803413 2.375575393539199 
7.54332263121524 6.327029195897798 5.104912517918456 
7.292207554277275 7.216093567222374 4.857022103261084 
6.0325745775452875 4.990061067422716 4.36559418072185 
6.975017242616639 6.168016539873191 3.548790239151998 
5.448867879615837 4.4828953156801585 3.5582236549559285 
5.9710088042898155 5.584985504248135 4.273503859418675 
7.507605554214157 6.2275292217002445 5.862408313163958 
7.322533347796286 4.742681615665431 4.7352061466662905 
7.376428099600448 5.682257166535764 2.5253029548460755 
7.027871275088143 4.523857502046876 4.310313192266364 
6.100012010847706 5.091138675380614 4.754355959759187 
5.43727350707425 5.251202197370688 3.11743435951348 
7.363865978106309 6.846953058581764 4.636382039532135 
7.565998492155032 6.27556160291373 4.454328800694491 
5.31306385546935 4.023383145906357 3.9542541661870283 
8.049467835598362 7.398063525080112 6.019356552084834 
6.661003827422286 5.644193054261185 4.786182373027453 
5.176667317881893 4.292453402257968 4.049894023110004 
9.18841296173178 5.02399282872823 4.946450059243978 
8.281719740573816 5.7122190085228235 4.284788645148402 
5.676393126419107 5.628574509163491 4.128845528166435 
6.212396151068989 5.61850218187157 5.1235068276657705 
6.585610494221557 5.1814145339305515 4.465156634544609 
6.039668099692134 5.740135920341449 4.691759166820827 
6.9977814001254295 5.660548960393347 3.616850601288378 
8.337914837216834 4.816303286697406 4.081490423933211 
8.13089339099151 6.2648990416308585 5.001477420776939 
8.66824807828165 5.584460932560818 4.5775835079436735 
5.448604273233258 4.099735043058647 3.9075092361734827 
5.375397458939375 4.758529509071476 3.908253664189545 
6.857620197359466 6.050072339324397 4.783804002818346 
7.762090309773553 6.343236761247896 4.96804042008889 
5.949493680568174 5.3108834053811345 5.293589704028467 
6.011349509178725 4.981548606300592 3.744201721136065 
6.201422254302186 5.1608044160075695 4.249901063186655 
6.261761369544217 4.3027257473102996 4.226465980931056 
7.962691431708892 5.907384632141399 4.96689973606182 
7.368485593688997 6.653847065539247 4.274594460393572 
7.228905012370438 6.730240893650317 3.606682905788184 
7.151804766753905 6.500796693402243 6.02696755379278 
6.1130885532762775 5.525466798312999 5.2289806601159325 
5.830047348475932 4.5129680309421385 3.3707165367217446 
5.1112151980912515 4.254412895570453 1.9179313098180883 
7.908658643199467 7.392287417252534 5.788796210240825 5.635823071439956 
9.329231513977208 6.492856788783984 4.970731077482931 4.338270575890033 
6.817689520323974 6.399777257139281 6.067046402907278 6.035858010386642 
6.599129508551127 5.678277168201239 5.6496288989756875 4.6425877022331346 
5.94078194076413 5.350433915088152 4.078646961333054 3.7133590372416028 
7.207021510085395 5.58663029480317 5.413384823460632 4.473292817268788 
6.596093013995024 5.261036790133874 5.103105190066817 3.4254589321211086 
6.639810610831932 6.241504363291477 5.333800886543632 4.8199984918323135 
6.005525212463268 5.114549503262982 3.5990717895256914 2.824701760310025 
5.713869097687793 4.5100413778079425 4.096283977141857 3.3645860358762647 
6.139425415515373 5.0769751342818665 3.55845606469497 2.43962981034155 
7.4446027156186805 6.5714023298857365 5.921270435909677 4.18981038952253 
6.347353922541398 5.027139176906203 4.608910618999269 4.371827060350649 
6.45123489000699 5.3124450151559435 4.588610547289917 2.6099609529881826 
6.212670967517034 6.186447757806532 5.924889748896278 1.8106524286237606 
6.681396847068561 6.6466094858970415 6.606451454497632 2.1249494784375287 
7.561710784746028 6.539144451480899 5.002101081410091 3.356665146579515 
6.524391949117895 6.257072216767373 5.809530144906499 4.943831821166514 
6.994126425650105 5.976158237722893 5.100839311565664 4.666790370309248 
5.721516145189125 5.692204798018346 5.222288294220147 5.066605324680167 
6.892969963574277 5.711269679961092 5.129866592575359 4.7380864322642715 
7.273922450317648 7.169390117972864 6.281019019971833 3.208413766343363 
7.422861627842168 7.232958037496367 7.066649406051463 2.203114087361853 
7.838349031598227 7.67540621097729 5.928201264991398 5.658309745361544 
6.600358735864901 5.887780597900455 5.551940501799408 4.4808621208595385 
5.8260108875883745 5.5281491371193745 4.302675403414817 3.2314929439201214 
6.929386098671459 5.1131663621574495 4.339010172249479 3.3204941320839914 
6.981583519696966 6.593077990512195 5.801663551529991 4.866671397111547 4.820412485212959 
7.6188375621326365 6.865649170041969 5.941488530410057 4.941597927647232 4.680144291877311 
7.997367767244132 7.2531333861048495 6.731258379680336 6.0332689025776505 5.135136734453219 
9.210556611977172 6.618477852244345 5.57580822635637 4.721012828422267 2.950913827092373 
6.47640087726002 6.155882103540384 5.697959812306844 4.442251205182826 2.9326497186343996 
9.830360712540195 8.404532623794557 5.164684285835389 4.0632477427423215 4.02824644774254 
7.1621195182831805 6.95612773399464 5.354079910281653 5.194928670214024 4.5230129431857815 
8.596538723302267 6.719100680077798 4.2990560859584575 3.2043009737423844 2.5429934022904366 
6.670129657527179 5.179106934764301 5.001471220444461 4.418144950153064 3.0201810781519134 
6.853626565890754 6.406896814924628 6.1216531127928775 5.60843097603766 4.60283713273663 
8.759483132347299 6.509167402333146 5.549251535274649 5.131643919905109 4.567654830714176 
6.193788106383737 5.753906984574913 4.542114781956629 4.499534160855921 3.028484821113686 
5.256323087119661 4.802174949415806 4.63245999212013 3.899363229372499 3.758098543206694 
5.876225334053168 5.8215435524389845 5.425384494184926 4.364730034527021 3.4107784211728385 
7.464593852629805 6.958240726054372 6.081471481184695 5.845821547813512 5.235720627135888 
5.330383087765235 5.075700117292657 4.517449984181023 3.364662865141287 1.5264004287511295 
5.86850851014634 5.521851529032534 5.056811562733394 4.834622123847854 3.881897226600802 
7.510201728774259 5.740990422082897 5.357417650288034 3.3094916448207843 3.1145063862247344 
6.722620067919657 5.821163268207778 5.235021122418996 4.785848699515085 4.071306558306263 
5.490783393547948 4.636683559363924 3.9771047877980097 2.6897907252006643 2.582393467734734 
6.5648611882712355 5.965832235448219 5.72072156906245 5.540563138379819 3.787444250774458 
7.250085518636549 6.120777639447659 5.063865820526608 4.14031183866164 3.1996266104415034 
7.669789659405396 7.090334661416006 5.998271533166172 5.3188876332261055 4.976960745907512 
8.648443996833723 7.9951427888906235 5.015023801163673 4.081194795810861 3.944064917688417 
6.9887122939147055 6.328879558663344 6.183501770705761 4.670429240934422 3.934149611720479 
6.433934449395494 5.978408514728858 5.313102017653965 5.309974922155017 4.215767593249049 
7.039489578916876 6.689458138855208 6.204422764519307 6.202227248682924 4.576634288667085 4.463388794290004 
7.344101804752079 6.534913513801405 5.894823873513565 5.022877235596626 4.474593555362702 4.2320527204656715 
6.55280056768135 6.452487861709352 6.330490399555969 4.91288526642908 4.853716838842796 4.617124709408221 
8.530245690425566 7.169674002654782 6.591400286079351 5.362109661582676 5.143994493375529 4.576330063817238 
8.142428113654645 7.555369240588289 5.874691465796154 5.818464338149487 5.518646273993943 3.287982284268372 
6.928911168552896 6.5336743678712565 5.855281355897847 5.671152811453763 3.9520937373290583 2.8314209120367195 
7.730940717553178 5.965191341606686 5.582087960561741 5.542225195812942 4.925519669370724 2.5762873456749666 
6.408780937354201 5.958429479239333 5.884712143203341 5.739979809601388 4.809760434772131 4.535913784515641 
6.101508897530724 5.580198566366702 4.789182413368696 4.587890196476216 3.9461190571356637 3.6646408381263393 
8.930737380513811 8.00534037768619 5.805557477241722 5.738309403873354 4.849343635719363 4.360887111008766 
8.21317948183291 6.612316550460118 6.057157782741839 5.474116566603128 4.170665490114141 2.417379064046978 2.3122019530365723 
5.957701456647052 5.214036567524648 4.847062099435982 4.323256088558478 4.0467777111029966 3.943835709557864 3.605243730000775 
7.823733115901469 7.433025905141037 6.74122017355635 6.063580184463143 5.355566632885697 4.584202726131888 4.039802994266189 
8.905793004444327 7.2747527608436915 5.00029656744799 4.534552608138348 4.276929694982859 4.062254252262665 3.811830105142873 
7.6074242216817245 6.9505415216053645 6.924668343284575 6.893941278950981 6.0424180067334 5.137302645246728 2.9328990654387974 
8.136326121248409 6.482786246899432 6.422829095478485 5.9029928299214545 5.650244592024403 5.363782100259845 4.5219228965076645 
7.85969399371548 7.601748249259747 6.832339132687536 4.585281643393119 4.376814850880903 4.297168998326999 4.264995778798905 
8.959708092926823 6.367706223926747 5.213790355652223 3.9844023350780557 3.6211463623397298 3.5426604207033527 3.379403314042673 
7.524191897485609 6.692747726705833 5.694866740843791 4.8698002702933945 3.73036918604144 3.6809291449901123 2.9981116023708445 2.7483689787692205 
8.429476937207918 7.270314924510524 6.409819154067134 6.354723457165142 6.025810816282785 5.7499001709597195 5.6946032242135916 2.666407142216253 
8.020898552009955 6.771832740690009 6.722950846087207 6.6409514578746505 5.799762688003977 4.252011005904119 4.15943157502017 4.11212388894031 
6.57002386220536 6.291530858321554 6.1818660896142275 5.707705179958018 5.558525854597454 4.822074969459283 4.5126875020889665 4.151279221124568 
5.699609014177191 5.47624946666191 5.385024988286327 5.149993885318987 4.899208584621995 3.8370081715202353 3.343727956242537 2.726107384971731 
8.533975079174592 6.428406687350075 5.995174403222743 5.851120372664485 5.844527852197335 5.467101706831006 4.497844831174107 3.076005023305961 
7.447437442811657 6.822044573937188 6.5926909090612495 6.036045936550831 5.6701164204411825 5.5063138543537296 5.3947069856249135 4.955140376823903 
8.38781807878103 6.967331065561256 6.6112536306424285 6.0058887510539725 5.865173635537804 5.642671930367028 4.190603137506723 4.121059347626671 
8.072390247622142 6.749095666958675 6.503004857716293 5.620954533864339 5.262537350946467 5.002672008013117 4.7312903501320696 3.8758880261814452 
7.641566440088927 7.036708873375034 6.526657553399529 5.901396203792853 5.708739511042106 4.86620229597928 4.17687272200158 3.479794934057213 
8.13109308443138 7.793694411968362 6.71778493701765 5.7952211001935705 5.393046281946996 5.058804372052805 4.066652317073148 3.670842086771966 
7.38672323192944 6.32974819282761 5.801006654221378 5.467082377058545 5.0619432268234315 4.924869832181717 4.527867252787914 3.8462397992520767 
6.826755015344106 6.645988837282033 6.142861120844379 6.03447955311025 5.767445603536393 5.36774102211775 5.0693113085890555 4.4176904194623905 
8.218470975065573 6.700761416322511 6.4830663541976765 6.371390837448939 5.963506663387403 5.919423958203461 5.268751791661193 4.40833207820791 
8.652186045983775 7.6987298193464895 7.006279859165753 7.001263994066434 6.849904824814045 6.396909855519454 5.470503707834403 3.5580055757559843 
6.926697060379542 6.702848422162564 6.600381869218289 6.130296571224622 5.777649043640304 5.445586839543102 4.658911710472356 3.8730488740618267 
6.829144101986252 6.4026583844663225 5.98026115328413 4.7569194524864225 4.099794494124161 3.8040460005220633 3.047573055124776 2.8840501768093274 
7.80765115611342 6.69913321522402 6.529587070980033 5.044895029891803 4.527987056511124 4.008642375605381 3.582416987301257 3.2914521848832394 
7.750820015315724 6.40801900200537 6.357027908441513 4.673122806477789 4.319113522562924 4.045357171149898 3.926986919598911 3.481979967718731 
5.914463900560888 5.3691132068297005 4.577539691601 4.558113503006247 4.197641674237594 4.024817760434399 2.714988508113906 2.3729799483047396 
